0 12 0.3492953526
0 24 0.3767922213
0 36 0.4520244083
0 48 0.5550626052
4 13 0.3316498129
4 25 0.3474984921
4 37 0.4296676239
4 49 0.5385531203
8 20 0.3910890852
8 32 0.4420406938
8 44 0.5288884350
12 17 0.3701275522
12 29 0.4013672038
12 41 0.4795899994
16 20 0.4282947659
16 32 0.4680019755
16 44 0.5480467144
20 25 0.4269329416
20 37 0.4772613060
20 49 0.5716951539
24 36 0.5231165308
24 48 0.6050780917
28 37 0.5163938074
28 49 0.5944974133
32 44 0.6058706508
36 41 0.5690623165
40 44 0.6240841985
44 49 0.6446937793
