0 1 0.5033401908
0 13 0.3428464550
0 25 0.3682767410
0 37 0.4434846761
0 49 0.5492855868
4 16 0.3953355994
4 28 0.4326425779
4 40 0.5101924649
8 9 0.5702282119
8 21 0.3854982784
8 33 0.4350410801
8 45 0.5232747211
12 20 0.4367553663
12 32 0.4721625897
12 44 0.5579291764
16 21 0.4232274688
16 33 0.4609200328
16 45 0.5422327894
20 28 0.4911773110
20 40 0.5430226320
24 25 0.6916303547
24 37 0.5149016301
24 49 0.5987260509
28 40 0.5766432172
32 33 0.7501177995
32 45 0.5973891514
36 44 0.6256734013
40 45 0.6145580005
48 49 0.8520371330
