0 8 0.3682901472
0 20 0.3815589347
0 32 0.4483948273
0 44 0.5321172833
4 9 0.3514589339
4 21 0.3660225699
4 33 0.4259455085
4 45 0.5142568964
8 16 0.4133331903
8 28 0.4386197082
8 40 0.5185530204
12 13 0.6032492051
12 25 0.4142752598
12 37 0.4718088823
12 49 0.5769653436
16 28 0.4742829077
16 40 0.5361256644
20 21 0.6623602279
20 33 0.4790813552
20 45 0.5518735017
24 32 0.5233437072
24 44 0.5831234993
28 33 0.5153167240
28 45 0.5781192466
32 40 0.5946755931
36 37 0.7746947290
36 49 0.6356325791
44 45 0.8239567979
