0 9 0.3319975013
0 21 0.3458364732
0 33 0.4166835059
0 45 0.5050872378
4 12 0.3969296240
4 24 0.4087350410
4 36 0.4823162402
4 48 0.5822032060
8 17 0.3801048824
8 29 0.4067105352
8 41 0.4912768410
12 16 0.4313338622
12 28 0.4572187456
12 40 0.5276941089
16 17 0.6328474822
16 29 0.4449134526
16 41 0.5102405230
20 24 0.4793634024
20 36 0.5232478119
20 48 0.6098395855
24 33 0.4972127367
24 45 0.5602017256
28 36 0.5566247055
28 48 0.6278121392
32 41 0.5729078260
36 40 0.6025920514
40 41 0.7992516406
44 48 0.6704463231
