0 5 0.3230322813
0 17 0.3407513834
0 29 0.3909793629
0 41 0.4729543688
4 8 0.3864194838
4 20 0.4003593588
4 32 0.4569251202
4 44 0.5405497646
8 13 0.3815528708
8 25 0.3944679147
8 37 0.4618638453
8 49 0.5672967763
12 24 0.4454499270
12 36 0.4998684951
12 48 0.5992292562
16 25 0.4324090186
16 37 0.4784427305
16 49 0.5768245230
20 32 0.5063903754
20 44 0.5753773751
24 29 0.4809703277
24 41 0.5359979207
28 32 0.5402752866
28 44 0.5998847551
32 37 0.5524770308
32 49 0.6272165464
36 48 0.6539267903
40 49 0.6443183937
