0 4 0.3309197160
0 16 0.3483754773
0 28 0.3997295459
0 40 0.4810181589
4 5 0.5283923663
4 17 0.3306978930
4 29 0.3742791381
4 41 0.4602489707
8 12 0.3853253161
8 24 0.4010277848
8 36 0.4686866794
8 48 0.5713779930
12 21 0.3767468422
12 33 0.4185747553
12 45 0.5125391743
16 24 0.4381851120
16 36 0.4857424473
16 48 0.5817889795
20 29 0.4407205978
20 41 0.4990436459
24 28 0.4885627400
24 40 0.5441701864
28 29 0.7166565197
28 41 0.5386200391
32 36 0.5615478093
32 48 0.6348891519
36 45 0.5944123326
40 48 0.6531369868
